timestamp,pkt,real,imag,mag
2026-05-13T12:40:17.385129,1,-0.17241442203521729,-0.0075980424880981445,0.17258175794500694
2026-05-13T12:40:17.406116,2,0.14025139808654785,0.149169459939003,0.20474858349626046
2026-05-13T12:40:17.427159,3,-0.2903118133544922,-0.09930425882339478,0.3068261475064296
2026-05-13T12:40:17.447064,4,0.23990170657634735,0.16027995944023132,0.288517753728269
2026-05-13T12:40:17.468129,5,-0.24310055375099182,-0.3352019190788269,0.41407512094808024
2026-05-13T12:40:17.488039,6,0.16759145259857178,0.24430237710475922,0.29626094316182705
2026-05-13T12:40:17.508019,7,-0.21973329782485962,-0.10150472819805145,0.2420453098482777
2026-05-13T12:40:17.530080,8,0.09534768760204315,0.035782378166913986,0.10184085682247992
2026-05-13T12:40:17.548987,9,-0.002501504495739937,-0.08561983704566956,0.08565637174471737
2026-05-13T12:40:17.571037,10,-0.06712786108255386,0.011098973453044891,0.0680392309276791
2026-05-13T12:40:17.589952,11,0.12559212744235992,-0.10485131293535233,0.1636067856165054
2026-05-13T12:40:17.610927,12,-0.24406054615974426,0.11867223680019379,0.2713828476137612
2026-05-13T12:40:17.630915,13,0.19171251356601715,-0.18154558539390564,0.2640312243538938
2026-05-13T12:40:17.651926,14,-0.23458799719810486,0.01257149875164032,0.2349246070769951
2026-05-13T12:40:17.673371,15,0.022995106875896454,0.04146911948919296,0.047417958743949155
2026-05-13T12:40:17.692851,16,0.0253465436398983,0.07160766422748566,0.07596120622137065
2026-05-13T12:40:17.713899,17,0.0771225169301033,-0.07006154954433441,0.10419454564509265
2026-05-13T12:40:17.733810,18,-0.08441197872161865,-0.05320258438587189,0.0997792420147338
2026-05-13T12:40:17.753792,19,0.06699191778898239,-0.0035927221179008484,0.06708818600366408
2026-05-13T12:40:17.775851,20,0.029008090496063232,-0.003926761448383331,0.029272662497632558
2026-05-13T12:40:17.794765,21,-0.16550832986831665,-0.044576965272426605,0.17140628077377634
2026-05-13T12:40:17.817472,22,0.13060647249221802,0.21718944609165192,0.2534350136631856
2026-05-13T12:40:17.835775,23,-0.11430616676807404,-0.2128564566373825,0.24160664496953027
2026-05-13T12:40:17.856709,24,-0.023319456726312637,0.08121360838413239,0.08449524985927662
2026-05-13T12:40:17.876698,25,0.1767420768737793,-0.09361311793327332,0.2000029439454476
2026-05-13T12:40:17.897693,26,-0.15485572814941406,-0.06358624994754791,0.167402233327627
2026-05-13T12:40:17.918758,27,0.04272250831127167,0.09320282936096191,0.10252794798149069
2026-05-13T12:40:17.938686,28,-0.0763234794139862,-0.09632307291030884,0.12289592297851808
2026-05-13T12:40:17.959765,29,0.04585752263665199,-0.05956730246543884,0.07517430349115399
2026-05-13T12:40:17.979593,30,-0.0745202824473381,-0.06612001359462738,0.09962494011935344
2026-05-13T12:40:17.999579,31,-0.08458518981933594,-0.03393812105059624,0.09113973006992074
2026-05-13T12:40:18.021627,32,0.18361763656139374,0.10222933441400528,0.21015773426434395
2026-05-13T12:40:18.040534,33,-0.04508412629365921,-0.05573916435241699,0.07168983809696021
2026-05-13T12:40:18.062598,34,-0.16366198658943176,-0.03220314532518387,0.16680014515351674
2026-05-13T12:40:18.081501,35,0.1784781515598297,0.1382346898317337,0.22575048185350383
2026-05-13T12:40:18.102488,36,-0.057946816086769104,-0.168044775724411,0.17775511284590786
2026-05-13T12:40:18.123530,37,0.004438523203134537,0.14803694188594818,0.14810346603360897
2026-05-13T12:40:18.143443,38,0.13918276131153107,-0.17303238809108734,0.22206316302981746
2026-05-13T12:40:18.164539,39,-0.20902985334396362,0.1630168855190277,0.2650810905238673
2026-05-13T12:40:18.184402,40,0.279754638671875,-0.1803428828716278,0.3328456297758482
2026-05-13T12:40:18.204405,41,-0.3201953172683716,0.29401612281799316,0.4347073977717867
2026-05-13T12:40:18.225377,42,0.3279355764389038,-0.3567364811897278,0.4845644016082332
2026-05-13T12:40:18.245687,43,-0.41740694642066956,0.19126614928245544,0.4591419157314721
2026-05-13T12:40:18.266407,44,0.5022316575050354,-0.010150402784347534,0.5023342198944242
2026-05-13T12:40:18.286315,45,-0.39135241508483887,-0.16951534152030945,0.4264881754556428
2026-05-13T12:40:18.307369,46,0.48326632380485535,0.12616053223609924,0.4994625307447548
2026-05-13T12:40:18.327275,47,-0.34391772747039795,-0.20735596120357513,0.4015917054858846
2026-05-13T12:40:18.347265,48,0.24528664350509644,0.19243979454040527,0.31176691935603057
2026-05-13T12:40:18.369308,49,-0.08198252320289612,-0.09346149861812592,0.12432290953263342
2026-05-13T12:40:18.388230,50,-0.06118486821651459,0.08219340443611145,0.1024663058349936
2026-05-13T12:40:18.410286,51,0.1770457923412323,-0.10035279393196106,0.20350895763008908
2026-05-13T12:40:18.429181,52,-0.24516651034355164,-0.16757959127426147,0.2969672325454163
2026-05-13T12:40:18.450160,53,0.2497471272945404,0.09540160000324249,0.2673482614027143
2026-05-13T12:40:18.471210,54,0.03666738420724869,-0.1667432337999344,0.1707272769145621
2026-05-13T12:40:18.491129,55,-0.11492349952459335,0.29495126008987427,0.3165496115486226
2026-05-13T12:40:18.512182,56,0.12885145843029022,-0.16988956928253174,0.213225617810377
2026-05-13T12:40:18.532088,57,-0.02933790534734726,0.17923308908939362,0.18161831657268607
2026-05-13T12:40:18.553157,58,0.033211592584848404,-0.12524855136871338,0.1295770407980642
2026-05-13T12:40:18.573052,59,0.07055268436670303,-0.011573348194360733,0.07149561986426536
2026-05-13T12:40:18.593030,60,0.0023833438754081726,-0.04119886830449104,0.04126774863739531
2026-05-13T12:40:18.615100,61,0.037966929376125336,-0.12537941336631775,0.131001851217201
2026-05-13T12:40:18.634001,62,-0.17791667580604553,0.15600703656673431,0.23662742653422042
2026-05-13T12:40:18.656090,63,0.1978086531162262,-0.04749400168657303,0.20343043883317882
2026-05-13T12:40:18.674967,64,-0.01595541648566723,-0.04190559312701225,0.044840317244169876
2026-05-13T12:40:18.695940,65,0.1455305516719818,0.19557130336761475,0.2437771034589979
2026-05-13T12:40:18.716989,66,-0.19348546862602234,-0.3035266101360321,0.35995142676492103
2026-05-13T12:40:18.736940,67,0.12620298564434052,0.18272626399993896,0.2220722430672528
2026-05-13T12:40:18.757953,68,0.17032490670681,-0.1469876617193222,0.2249798803057674
2026-05-13T12:40:18.777869,69,-0.09500177204608917,0.046009860932826996,0.10555682827252423
2026-05-13T12:40:18.797849,70,0.07655945420265198,0.07512765377759933,0.10726376084183699
2026-05-13T12:40:18.818886,71,-0.16605988144874573,-0.06401833146810532,0.1779725568472052
2026-05-13T12:40:18.838850,72,0.17556701600551605,0.25047972798347473,0.30588211984317853
2026-05-13T12:40:18.860867,73,0.01657932996749878,-0.25944697856903076,0.25997616981325483
2026-05-13T12:40:18.879814,74,-0.025220859795808792,0.0048018693923950195,0.02567391124276674
2026-05-13T12:40:18.901837,75,0.11726076900959015,-0.15684399008750916,0.1958318798747822
2026-05-13T12:40:18.920738,76,-0.003281373530626297,0.4125881791114807,0.41260122752456124
2026-05-13T12:40:18.941740,77,0.11092811077833176,-0.47030800580978394,0.483212857951468
2026-05-13T12:40:18.963796,78,-0.3147605061531067,0.3560430705547333,0.47522715023849665
2026-05-13T12:40:18.982740,79,0.36926865577697754,-0.2840596139431,0.46588539836835297
2026-05-13T12:40:19.003798,80,-0.08673705905675888,0.012990564107894897,0.08770445923473336
2026-05-13T12:40:19.023666,81,0.11135257035493851,0.053808003664016724,0.12367172750050177
2026-05-13T12:40:19.043630,82,-0.18387287855148315,0.014845877885818481,0.1844712323290792
2026-05-13T12:40:19.065678,83,0.3343886733055115,0.053146377205848694,0.3385857679305591
2026-05-13T12:40:19.084600,84,-0.11130306124687195,-0.10704383254051208,0.1544239409155398
2026-05-13T12:40:19.106640,85,0.016005031764507294,-0.0345585010945797,0.03808478751006698
2026-05-13T12:40:19.125552,86,-0.04129180312156677,-0.11518912017345428,0.12236644315891806
2026-05-13T12:40:19.147613,87,0.11256211996078491,0.14434176683425903,0.18304310012371877
2026-05-13T12:40:19.166526,88,0.08133643120527267,-0.0008270666003227234,0.08134063609519798
2026-05-13T12:40:19.187516,89,0.06926193088293076,-0.25849249958992004,0.26761088807049066
2026-05-13T12:40:19.208551,90,-0.08185823261737823,0.14664167165756226,0.1679421034576056
2026-05-13T12:40:19.228482,91,-0.053070008754730225,-0.12408614158630371,0.13495849866904772
2026-05-13T12:40:19.249518,92,0.18010705709457397,0.12096559256315231,0.21695904359906895
2026-05-13T12:40:19.269927,93,-0.025940176099538803,-0.005754200741648674,0.026570727544617107
2026-05-13T12:40:19.289405,94,0.10154460370540619,-0.1253906488418579,0.16135092611655538
2026-05-13T12:40:19.311448,95,-0.0869411826133728,0.044126465916633606,0.0974982780796854
2026-05-13T12:40:19.330367,96,0.059385620057582855,-0.06096329540014267,0.08510684611515482
2026-05-13T12:40:19.352417,97,0.19528637826442719,0.040648411959409714,0.19947196026123276
2026-05-13T12:40:19.371340,98,-0.08597837388515472,-0.010632402263581753,0.08663330049022763
2026-05-13T12:40:19.392319,99,-0.09693038463592529,-0.10078904032707214,0.13983536789997228
2026-05-13T12:40:19.412305,100,0.1802859604358673,0.2430720180273056,0.30263349695324526
2026-05-13T12:40:19.433283,101,0.028373688459396362,-0.32770851254463196,0.328934545754936
2026-05-13T12:40:19.454336,102,-0.06139245629310608,0.171019047498703,0.18170456322576098
2026-05-13T12:40:19.474239,103,-0.0229274183511734,-0.014663856476545334,0.027215716029795053
2026-05-13T12:40:19.495305,104,0.09753067791461945,-0.16733971238136292,0.1936874091787138
2026-05-13T12:40:19.515215,105,-0.08296604454517365,0.06091749295592308,0.10292864273615326
2026-05-13T12:40:19.535205,106,0.27186119556427,-0.07166124880313873,0.28114737102391624
2026-05-13T12:40:19.557236,107,-0.15581530332565308,0.07440756261348724,0.172669899300791
2026-05-13T12:40:19.576163,108,0.006803940050303936,-0.17555032670497894,0.17568213001450367
2026-05-13T12:40:19.598212,109,0.0980805829167366,0.23510444164276123,0.25474280995828197
2026-05-13T12:40:19.617111,110,-0.06738314032554626,-0.4021654725074768,0.40777144931602843
2026-05-13T12:40:19.638095,111,-0.11825971305370331,0.464073121547699,0.47890418861664763
2026-05-13T12:40:19.659186,112,0.24471260607242584,-0.42185908555984497,0.48769800864894547
2026-05-13T12:40:19.679054,113,-0.1432320773601532,0.2874881625175476,0.3211928884216162
2026-05-13T12:40:19.700100,114,0.09355015307664871,-0.25995349884033203,0.2762742345930849
2026-05-13T12:40:19.720008,115,-0.21568962931632996,0.29163858294487,0.36273279319177587
2026-05-13T12:40:19.741067,116,0.4142867624759674,-0.13491091132164001,0.4356999834248953
2026-05-13T12:40:19.760973,117,-0.22648091614246368,-0.22821475565433502,0.32152073039712
2026-05-13T12:40:19.780954,118,0.2579163610935211,0.004056941717863083,0.2579482663167669
2026-05-13T12:40:19.803216,119,-0.17195916175842285,0.05075939744710922,0.17929436617432526
2026-05-13T12:40:19.821965,120,0.2545565366744995,-0.09929560124874115,0.27323734516179304
2026-05-13T12:40:19.843973,121,-0.25274938344955444,0.20358708500862122,0.32454576259202256
2026-05-13T12:40:19.862878,122,0.3782006502151489,-0.2148229330778122,0.4349535887877184
2026-05-13T12:40:19.884012,123,-0.42564690113067627,0.021558672189712524,0.4261925161106553
2026-05-13T12:40:19.904918,124,0.512977123260498,-0.10813724249601364,0.5242510774459676
2026-05-13T12:40:19.924816,125,-0.3655213713645935,0.014676429331302643,0.365815897005816
2026-05-13T12:40:19.945872,126,0.28787633776664734,0.011398859322071075,0.2881019261299396
2026-05-13T12:40:19.965779,127,-0.02638651430606842,-0.06215740740299225,0.06752622773623526
2026-05-13T12:40:19.985897,128,-0.07386443018913269,-0.2357093095779419,0.24701180673983036
2026-05-13T12:40:20.006768,129,0.17067153751850128,0.16003987193107605,0.23396908839982347
2026-05-13T12:40:20.026767,130,-0.13621100783348083,-0.27625420689582825,0.30800945680718256
2026-05-13T12:40:20.048854,131,0.15374156832695007,0.14618924260139465,0.21215033463089253
2026-05-13T12:40:20.067691,132,0.09097270667552948,0.048809804022312164,0.103239674198287
2026-05-13T12:40:20.089749,133,0.03641807287931442,-0.10082352161407471,0.10719915364827674
2026-05-13T12:40:20.108658,134,-0.06799101829528809,-0.15610472857952118,0.17026880176273096
2026-05-13T12:40:20.129637,135,-0.1325700581073761,0.09675431996583939,0.16412257230084198
2026-05-13T12:40:20.150720,136,0.31870248913764954,-0.039479371160268784,0.32113843950817206
2026-05-13T12:40:20.170605,137,-0.1298544704914093,-0.05015683174133301,0.13920449445665423
2026-05-13T12:40:20.191655,138,0.1806623339653015,-0.03522168844938278,0.18406370161173963
2026-05-13T12:40:20.211558,139,-0.09139943867921829,-0.1362367421388626,0.1640558054428039
2026-05-13T12:40:20.231550,140,0.043605268001556396,0.1745811104774475,0.17994439011268534
2026-05-13T12:40:20.253614,141,0.09423577785491943,-0.24302081763744354,0.2606520662359946
2026-05-13T12:40:20.272511,142,0.10015780478715897,0.20477493107318878,0.22795692193002576
2026-05-13T12:40:20.294564,143,-0.019546106457710266,-0.2725324034690857,0.2732324307586723
2026-05-13T12:40:20.313469,144,0.025277551263570786,0.007314279675483704,0.026314507121617214
2026-05-13T12:40:20.335542,145,-0.041541241109371185,0.026470854878425598,0.04925830763334829
2026-05-13T12:40:20.354432,146,0.1753682792186737,-0.14371095597743988,0.22673083650899445
2026-05-13T12:40:20.375423,147,0.03988894820213318,-0.005577608942985535,0.04027701466337017
2026-05-13T12:40:20.396463,148,-0.029257312417030334,0.15594254434108734,0.15866337783319662
2026-05-13T12:40:20.416377,149,0.09136760979890823,-0.33660775423049927,0.34878764360060943
2026-05-13T12:40:20.437439,150,-0.005653694272041321,-0.0771760642528534,0.07738287376727662
2026-05-13T12:40:20.457347,151,0.010473176836967468,0.1343524158000946,0.13476000543328834
2026-05-13T12:40:20.477324,152,0.14219310879707336,-0.17050860822200775,0.22201816517389397
2026-05-13T12:40:20.499376,153,-0.22742816805839539,0.03979218006134033,0.23088306395323124
2026-05-13T12:40:20.518289,154,0.3127560019493103,0.002236396074295044,0.3127639976447387
2026-05-13T12:40:20.540345,155,-0.14336712658405304,-0.22528555989265442,0.26703504728989164
2026-05-13T12:40:20.559245,156,0.08251797407865524,-0.004823785275220871,0.08265884677653722
2026-05-13T12:40:20.580235,157,0.03414846956729889,-0.023617468774318695,0.04151990853909311
2026-05-13T12:40:20.600208,158,0.14661848545074463,0.02118677645921707,0.14814135065066422
2026-05-13T12:40:20.621182,159,-0.22558262944221497,-0.019044935703277588,0.2263851414779814
2026-05-13T12:40:20.642230,160,0.3486408591270447,-0.0948643833398819,0.36131661998764997
2026-05-13T12:40:20.662194,161,-0.30680280923843384,-0.13233663141727448,0.3341271431228932
2026-05-13T12:40:20.683283,162,0.27209678292274475,0.06255239993333817,0.27919430870690676
2026-05-13T12:40:20.703113,163,-0.1397528052330017,-0.03171783685684204,0.14330690055042902
2026-05-13T12:40:20.723096,164,0.35575592517852783,-0.11432799696922302,0.37367521886074406
2026-05-13T12:40:20.745158,165,-0.3337531089782715,-0.05406419187784195,0.33810364475418786
2026-05-13T12:40:20.764054,166,0.24219660460948944,0.030182983726263046,0.24407008786613985
2026-05-13T12:40:20.786098,167,-0.20183715224266052,-0.11532863974571228,0.23246275222285226
2026-05-13T12:40:20.805104,168,0.19121752679347992,0.008394233882427216,0.19140168681463626
2026-05-13T12:40:20.826046,169,-0.06133377552032471,-0.09962598234415054,0.11699217229205798
2026-05-13T12:40:20.847054,170,0.07335139811038971,-0.019369125366210938,0.07586560895557934
2026-05-13T12:40:20.866977,171,-0.02449086308479309,-0.009000293910503387,0.02609229129673217
2026-05-13T12:40:20.888034,172,0.1398514211177826,-0.06469602137804031,0.15409086660412816
2026-05-13T12:40:20.907926,173,-0.11358411610126495,-0.13781309127807617,0.1785883522465141
2026-05-13T12:40:20.928985,174,0.1310693621635437,0.04068859666585922,0.13723971581359076
2026-05-13T12:40:20.948890,175,-0.012749671936035156,-0.1393151879310608,0.13989737568211674
2026-05-13T12:40:20.968863,176,-0.05664035305380821,0.045122165232896805,0.07241643038264785
2026-05-13T12:40:20.990913,177,0.17077210545539856,-0.14474982023239136,0.22386518813558168
2026-05-13T12:40:21.009825,178,-0.12561890482902527,-0.04571127891540527,0.1336773364131919
2026-05-13T12:40:21.031882,179,0.06598909199237823,-0.0047008078545331955,0.0661563138064977
2026-05-13T12:40:21.050809,180,0.057786136865615845,-0.16797006130218506,0.17763214547967238
2026-05-13T12:40:21.071825,181,-0.014189224690198898,0.3768809735774994,0.377147984671843
2026-05-13T12:40:21.092887,182,0.2573661506175995,-0.6174293756484985,0.6689217961745719
2026-05-13T12:40:21.113355,183,-0.1968497931957245,0.4091937243938446,0.4540807694281989
2026-05-13T12:40:21.133785,184,0.043938279151916504,-0.28324979543685913,0.2866374347321966
2026-05-13T12:40:21.153738,185,0.14194545149803162,0.005777448415756226,0.14206297938300735
2026-05-13T12:40:21.173691,186,0.037286870181560516,-0.2111930102109909,0.21445931607164156
2026-05-13T12:40:21.194661,187,-0.12718814611434937,0.24252361059188843,0.27385128483637067
2026-05-13T12:40:21.214644,188,-0.001876741647720337,-0.2711767554283142,0.2711832495635378
2026-05-13T12:40:21.236703,189,0.13904282450675964,0.22036093473434448,0.26056064285269864
2026-05-13T12:40:21.255608,190,-0.013781541958451271,-0.19478292763233185,0.19526986402354762
2026-05-13T12:40:21.277667,191,-0.08329890668392181,-0.08033488690853119,0.11572554562128108
2026-05-13T12:40:21.296565,192,0.15445801615715027,0.03435782715678215,0.15823317933397474
2026-05-13T12:40:21.317548,193,0.0739544928073883,-0.26473578810691833,0.27487143269352166
2026-05-13T12:40:21.338603,194,-0.061015430837869644,0.1397240161895752,0.1524653518032065
2026-05-13T12:40:21.358516,195,0.02371010184288025,-0.138612300157547,0.14062552643231477
2026-05-13T12:40:21.379556,196,0.07152336835861206,0.07831207662820816,0.10605834982302928
2026-05-13T12:40:21.399476,197,0.13812650740146637,-0.2713059186935425,0.3044434817253843
2026-05-13T12:40:21.419453,198,-0.1908932626247406,0.09826552867889404,0.21470060978502306
2026-05-13T12:40:21.441499,199,0.14110003411769867,0.025473404675722122,0.14338100980879173
2026-05-13T12:40:21.460413,200,-0.09783411026000977,-0.11126435548067093,0.1481596096474908
2026-05-13T12:40:21.482480,201,0.07753369212150574,-0.03690264746546745,0.08586779841100511
2026-05-13T12:40:21.501380,202,0.11951541900634766,-0.13380911946296692,0.17941241827620907
2026-05-13T12:40:21.523436,203,-0.015644244849681854,0.024313360452651978,0.028911622116674435
2026-05-13T12:40:21.542350,204,0.03661246597766876,-0.10471250116825104,0.110928718400047
2026-05-13T12:40:21.563324,205,-0.14398980140686035,0.0751519426703453,0.16242191168778292
2026-05-13T12:40:21.584381,206,0.04688410460948944,-0.06376782059669495,0.07914830515359013
2026-05-13T12:40:21.604359,207,0.07122773677110672,-0.029538363218307495,0.07710969710192571
2026-05-13T12:40:21.625373,208,0.03319019079208374,-0.29175490140914917,0.29363669944521115
2026-05-13T12:40:21.645264,209,-0.031347520649433136,0.17216373980045319,0.17499434377414827
2026-05-13T12:40:21.665846,210,0.04802305996417999,0.059331461787223816,0.07633109881386503
2026-05-13T12:40:21.687296,211,-0.08178579807281494,-0.04918272793292999,0.09543509571081213
2026-05-13T12:40:21.706198,212,0.20838235318660736,-0.061727866530418396,0.2173327739343174
2026-05-13T12:40:21.728264,213,-0.04345051944255829,-0.0795971229672432,0.09068434056930981
2026-05-13T12:40:21.747170,214,-0.1057576984167099,0.06189587712287903,0.1225389341360953
2026-05-13T12:40:21.768142,215,0.0448034293949604,-0.18016153573989868,0.18564893278903596
2026-05-13T12:40:21.788117,216,0.1682351976633072,0.007238127291202545,0.16839083175605402
2026-05-13T12:40:21.809180,217,-0.19841918349266052,-0.19385254383087158,0.27739679365052883
2026-05-13T12:40:21.830184,218,0.1938832551240921,0.20803202688694,0.2843730662847702
2026-05-13T12:40:21.850073,219,-0.021838128566741943,-0.2416486144065857,0.24263337920393452
2026-05-13T12:40:21.871116,220,-0.10227228701114655,0.8812847137451172,0.8871991700691021
2026-05-13T12:40:21.891031,221,0.16010825335979462,0.35722583532333374,0.3914651328233177
2026-05-13T12:40:21.911015,222,-0.01374971866607666,-0.4656086564064026,0.46581163111709833
2026-05-13T12:40:21.933067,223,0.20382243394851685,-0.5849857926368713,0.6194771683990348
2026-05-13T12:40:21.951971,224,-0.2686394155025482,0.34211868047714233,0.43498543319629884
2026-05-13T12:40:21.974020,225,0.07548823952674866,0.14100760221481323,0.15994254652599096
2026-05-13T12:40:21.992927,226,0.2184511423110962,-0.6805797815322876,0.7147795048877374
2026-05-13T12:40:22.013921,227,-0.340778112411499,0.2217455953359604,0.40657204890356613
2026-05-13T12:40:22.033900,228,-0.19874361157417297,-0.20935921370983124,0.2886698867335222
2026-05-13T12:40:22.054890,229,0.01096014678478241,0.035211533308029175,0.036877864572754535
2026-05-13T12:40:22.075968,230,0.1783771514892578,-0.4381583034992218,0.4730762170081453
2026-05-13T12:40:22.095857,231,-0.10043106228113174,-0.21470454335212708,0.23703256992861124
2026-05-13T12:40:22.116928,232,-0.03313412517309189,-0.17634885013103485,0.17943463209069846
2026-05-13T12:40:22.136852,233,-0.5732212066650391,0.14284516870975494,0.5907514655032535
2026-05-13T12:40:22.156898,234,0.08610948920249939,0.04577040672302246,0.09751807146527386
2026-05-13T12:40:22.178846,235,-0.48550286889076233,0.2398570477962494,0.5415204881430554
2026-05-13T12:40:22.197750,236,0.3232242465019226,0.18991553783416748,0.3748890836468524
2026-05-13T12:40:22.219804,237,-0.7568336725234985,-0.03595343232154846,0.7576871763208788
2026-05-13T12:40:22.238715,238,0.32840511202812195,0.35600388050079346,0.4843435563087699
2026-05-13T12:40:22.259691,239,-0.5751192569732666,-0.1908135563135147,0.6059471701514029
2026-05-13T12:40:22.280740,240,0.14669781923294067,-0.25893348455429077,0.297601746619753
2026-05-13T12:40:22.300675,241,-0.463647723197937,-0.13300108909606934,0.4823468678527636
2026-05-13T12:40:22.321725,242,0.06458767503499985,-0.33652234077453613,0.3426643453976497
2026-05-13T12:40:22.341613,243,-0.4707711637020111,-0.20264789462089539,0.5125345429994229
2026-05-13T12:40:22.361588,244,-0.2796202600002289,-0.11052462458610535,0.30067121984402684
2026-05-13T12:40:22.382573,245,-0.6219274401664734,0.24058431386947632,0.666839225684924
2026-05-13T12:40:22.402554,246,-0.6844948530197144,1.0736993551254272,1.2733277304006376
2026-05-13T12:40:22.424606,247,-1.4836509227752686,2.0348739624023438,2.5183193013426477
2026-05-13T12:40:22.443529,248,-3.1233017444610596,4.789782524108887,5.718131724192125
2026-05-13T12:40:22.465566,249,-5.079132080078125,8.917139053344727,10.262209878167782
2026-05-13T12:40:22.484490,250,-7.404202461242676,13.123903274536133,15.068478730331483
2026-05-13T12:40:22.505481,251,-9.587417602539062,17.874431610107422,20.28334000281717
2026-05-13T12:40:22.526530,252,-11.230704307556152,21.698375701904297,24.432523965909684
2026-05-13T12:40:22.546420,253,-12.899819374084473,25.053451538085938,28.179438849189772
2026-05-13T12:40:22.567480,254,-14.513753890991211,28.07763671875,31.60700453567786
2026-05-13T12:40:22.587394,255,-15.3917875289917,30.05182456970215,33.76417159217412
2026-05-13T12:40:22.607365,256,-15.876867294311523,31.088165283203125,34.90772028874036
2026-05-13T12:40:22.629948,257,-16.320621490478516,31.620601654052734,35.58405731222554
2026-05-13T12:40:22.648328,258,-16.228252410888672,31.413043975830078,35.35725538187245
2026-05-13T12:40:22.670423,259,-15.990769386291504,30.467967987060547,34.40932691620259
2026-05-13T12:40:22.689294,260,-15.35883903503418,28.871883392333984,32.702898757214484
2026-05-13T12:40:22.711351,261,-14.470739364624023,26.574676513671875,30.259142908634786
2026-05-13T12:40:22.730268,262,-12.620264053344727,23.795015335083008,26.934621207156052
2026-05-13T12:40:22.751234,263,-10.922815322875977,20.465803146362305,23.198210987128025
2026-05-13T12:40:22.772299,264,-8.95478343963623,17.05521011352539,19.263134180794207
2026-05-13T12:40:22.792195,265,-6.895577430725098,13.314474105834961,14.99413914895
2026-05-13T12:40:22.813318,266,-4.950169086456299,9.573124885559082,10.777239630769012
2026-05-13T12:40:22.833198,267,-2.7844996452331543,5.4561357498168945,6.125590224193382
2026-05-13T12:40:22.853149,268,-0.4591974914073944,0.8976274728775024,1.0082645566414081
2026-05-13T12:40:22.875263,269,1.3304884433746338,-3.787977457046509,4.014844045918346
2026-05-13T12:40:22.894102,270,2.6465258598327637,-8.041715621948242,8.466007870953698
2026-05-13T12:40:22.916187,271,3.242558240890503,-12.619172096252441,13.029109268879555
2026-05-13T12:40:22.935066,272,3.2789597511291504,-17.68486785888672,17.986276108072218
2026-05-13T12:40:22.956046,273,2.6981937885284424,-23.21957778930664,23.37582174885229
2026-05-13T12:40:22.976022,274,1.3555876016616821,-29.143266677856445,29.174776955487367
2026-05-13T12:40:22.997014,275,-0.6018646359443665,-35.733577728271484,35.73864600544375
2026-05-13T12:40:23.018057,276,-2.8265936374664307,-41.96595001220703,42.061034129208295
2026-05-13T12:40:23.037961,277,-5.090685844421387,-46.4058837890625,46.6842707194893
2026-05-13T12:40:23.059014,278,-7.134134292602539,-48.20948791503906,48.7344908369338
2026-05-13T12:40:23.078927,279,-9.229158401489258,-46.115943908691406,47.03039067868086
2026-05-13T12:40:23.098909,280,-10.53147029876709,-39.95341110229492,41.31811860870236
2026-05-13T12:40:23.120967,281,-10.814456939697266,-29.789766311645508,31.691996715306782
2026-05-13T12:40:23.139911,282,-10.086475372314453,-16.316802978515625,19.182675644341234
2026-05-13T12:40:23.162005,283,-9.166215896606445,-1.2349436283111572,9.249032361728823
2026-05-13T12:40:23.180896,284,-8.001996994018555,14.049274444580078,16.168304435265092
2026-05-13T12:40:23.201824,285,-6.633351802825928,27.29810333251953,28.092486570130596
2026-05-13T12:40:23.221801,286,-5.383413314819336,37.92157745361328,38.30179076085823
2026-05-13T12:40:23.242775,287,-3.8907246589660645,45.68722152709961,45.852589340604965
2026-05-13T12:40:23.263830,288,-3.1052865982055664,50.508689880371094,50.604056737464205
2026-05-13T12:40:23.283762,289,-2.1154749393463135,51.268798828125,51.312425079095156
2026-05-13T12:40:23.304790,290,-1.2307710647583008,49.91654968261719,49.931720675649025
2026-05-13T12:40:23.324716,291,-0.4559737741947174,46.40830993652344,46.41054991321664
2026-05-13T12:40:23.344699,292,-0.02182060480117798,40.865089416503906,40.865095242243754
2026-05-13T12:40:23.366728,293,0.13405157625675201,34.30254364013672,34.30280557051538
2026-05-13T12:40:23.385640,294,0.18340924382209778,27.18606185913086,27.186680532187246
2026-05-13T12:40:23.407687,295,-0.0813390240073204,20.66045379638672,20.66061390930717
2026-05-13T12:40:23.426654,296,-0.34285980463027954,14.722517013549805,14.726508753261736
2026-05-13T12:40:23.447587,297,-0.6392515301704407,8.79328441619873,8.816489853847091
2026-05-13T12:40:23.468633,298,-1.25588858127594,3.256559371948242,3.4903345214467945
2026-05-13T12:40:23.488552,299,-2.012531280517578,-2.104710102081299,2.9120588539493486
2026-05-13T12:40:23.509601,300,-3.116985321044922,-7.703660011291504,8.310353485934357
2026-05-13T12:40:23.529525,301,-4.5068464279174805,-13.600339889526367,14.327627501979336
2026-05-13T12:40:23.549498,302,-6.594855308532715,-18.994956970214844,20.10722523971907
2026-05-13T12:40:23.570472,303,-8.257294654846191,-23.01263999938965,24.449223193354424
2026-05-13T12:40:23.590467,304,-9.610726356506348,-25.65941047668457,27.400208158162517
2026-05-13T12:40:23.612510,305,-10.52556037902832,-26.540287017822266,28.551256649768604
2026-05-13T12:40:23.631430,306,-10.743524551391602,-25.96432113647461,28.099275646612963
2026-05-13T12:40:23.653506,307,-10.053174018859863,-24.423479080200195,26.411600448182906
2026-05-13T12:40:23.672386,308,-9.127562522888184,-21.926918029785156,23.75083434101106
2026-05-13T12:40:23.693380,309,-8.736557006835938,-20.065439224243164,21.884909860346472
2026-05-13T12:40:23.714425,310,-8.62138843536377,-19.209983825683594,21.05592118945285
2026-05-13T12:40:23.734328,311,-8.169913291931152,-18.523632049560547,20.245306308010754
2026-05-13T12:40:23.755856,312,-7.935113906860352,-17.858280181884766,19.541857735884445
2026-05-13T12:40:23.775288,313,-7.599732398986816,-17.406208038330078,18.99294634357283
2026-05-13T12:40:23.795265,314,-7.641042709350586,-16.756872177124023,18.416793935063534
2026-05-13T12:40:23.817403,315,-7.242607593536377,-16.245075225830078,17.78645085020699
2026-05-13T12:40:23.836275,316,-7.257262706756592,-15.292848587036133,16.92746525327679
2026-05-13T12:40:23.858295,317,-6.202266693115234,-14.715764999389648,15.969403609709037
2026-05-13T12:40:23.877197,318,-6.282433986663818,-14.172613143920898,15.50264300446953
2026-05-13T12:40:23.899255,319,-7.025660514831543,-13.851694107055664,15.531559332697526
2026-05-13T12:40:23.918154,320,-6.973608016967773,-13.868335723876953,15.522948963533922
2026-05-13T12:40:23.939148,321,-7.290553092956543,-13.531545639038086,15.370585277815183
2026-05-13T12:40:23.960200,322,-7.517308712005615,-13.26115894317627,15.243630367723414
2026-05-13T12:40:23.980115,323,-8.076921463012695,-12.856951713562012,15.183473505247088
2026-05-13T12:40:24.001158,324,-8.603681564331055,-12.731075286865234,15.365663487797745
2026-05-13T12:40:24.021062,325,-9.161626815795898,-12.687310218811035,15.649384860123334
2026-05-13T12:40:24.041064,326,-9.47120475769043,-12.62936019897461,15.786211027271294
2026-05-13T12:40:24.063095,327,-10.125652313232422,-12.449739456176758,16.04758073028933
2026-05-13T12:40:24.082003,328,-10.763936996459961,-12.402297973632812,16.42191629166755
2026-05-13T12:40:24.104064,329,-11.344321250915527,-12.302011489868164,16.734189891979295
2026-05-13T12:40:24.122988,330,-11.823266983032227,-12.196165084838867,16.98634995897302
2026-05-13T12:40:24.143959,331,-12.355331420898438,-12.363241195678711,17.478671213303585
2026-05-13T12:40:24.163976,332,-12.671686172485352,-12.208250045776367,17.595823357665168
2026-05-13T12:40:24.184945,333,-12.94571304321289,-12.222051620483398,17.80365220989708
2026-05-13T12:40:24.206008,334,-12.915870666503906,-12.446451187133789,17.936941272902697
2026-05-13T12:40:24.225943,335,-12.840160369873047,-12.292990684509277,17.776032692743627
2026-05-13T12:40:24.247018,336,-12.478790283203125,-12.483510971069336,17.651012806549463
2026-05-13T12:40:24.266846,337,-12.517620086669922,-12.45102310180664,17.655559716868932
2026-05-13T12:40:24.286824,338,-12.467286109924316,-12.331321716308594,17.53552731507712
2026-05-13T12:40:24.308876,339,-12.314977645874023,-12.419881820678711,17.49034416065054
2026-05-13T12:40:24.327789,340,-12.311017990112305,-12.120805740356445,17.276431800239497
2026-05-13T12:40:24.349851,341,-12.17370319366455,-11.990072250366211,17.08686284888014
2026-05-13T12:40:24.368760,342,-12.30411148071289,-11.629884719848633,16.930604771442145
2026-05-13T12:40:24.389749,343,-12.193077087402344,-11.28563117980957,16.614349219455633
2026-05-13T12:40:24.409721,344,-12.354756355285645,-10.885188102722168,16.465944389257338
2026-05-13T12:40:24.430699,345,-12.453523635864258,-10.511482238769531,16.29667174011298
2026-05-13T12:40:24.451766,346,-12.3657808303833,-10.259239196777344,16.067499010168564
2026-05-13T12:40:24.471672,347,-12.314756393432617,-10.051702499389648,15.896224336798522
2026-05-13T12:40:24.492717,348,-12.696136474609375,-9.586624145507812,15.908967404867607
2026-05-13T12:40:24.512642,349,-12.751797676086426,-9.316937446594238,15.79283595037931
2026-05-13T12:40:24.532634,350,-12.752180099487305,-9.011679649353027,15.615007761519799
2026-05-13T12:40:24.554671,351,-12.532098770141602,-8.618447303771973,15.209573745259235
2026-05-13T12:40:24.573594,352,-12.595579147338867,-8.478261947631836,15.183199258046365
2026-05-13T12:40:24.595628,353,-13.05001449584961,-8.314629554748535,15.473717813589039
2026-05-13T12:40:24.614540,354,-13.023524284362793,-8.103889465332031,15.339009396036854
2026-05-13T12:40:24.635524,355,-13.328676223754883,-7.999365329742432,15.544885189552671
2026-05-13T12:40:24.656612,356,-13.208257675170898,-7.660567283630371,15.269000030150597
2026-05-13T12:40:24.676494,357,-12.9724760055542,-7.681465148925781,15.076141434360478
2026-05-13T12:40:24.697532,358,-12.647933959960938,-7.582704544067383,14.746784112414248
2026-05-13T12:40:24.717442,359,-11.820884704589844,-7.295068740844727,13.890692680095402
2026-05-13T12:40:24.737429,360,-10.601380348205566,-7.052847862243652,12.733103637969576
2026-05-13T12:40:24.758415,361,-9.03531265258789,-6.462860107421875,11.108799912597217
2026-05-13T12:40:24.778389,362,-7.438349723815918,-5.710423469543457,9.377525410005834
2026-05-13T12:40:24.800895,363,-5.0481061935424805,-4.508501052856445,6.768305392407292
2026-05-13T12:40:24.819398,364,-2.8566043376922607,-2.8398749828338623,4.028036526677466
2026-05-13T12:40:24.841455,365,-0.558127760887146,-0.5135655403137207,0.7584564336009176
2026-05-13T12:40:24.860325,366,2.13677978515625,2.400607109069824,3.2138360789512848
2026-05-13T12:40:24.881308,367,4.345067024230957,6.340612888336182,7.686545338758769
2026-05-13T12:40:24.902349,368,6.602017879486084,10.810683250427246,12.667182497387575
2026-05-13T12:40:24.922261,369,8.72535228729248,15.620572090148926,17.89229009827696
2026-05-13T12:40:24.943308,370,10.386384010314941,20.797035217285156,23.246368461304336
2026-05-13T12:40:24.963230,371,11.67519474029541,25.86944580078125,28.382008355001595
2026-05-13T12:40:24.983215,372,12.955523490905762,30.898292541503906,33.504478370865094
2026-05-13T12:40:25.004184,373,14.033927917480469,35.186798095703125,37.882210772614826
2026-05-13T12:40:25.024170,374,14.261236190795898,38.999977111816406,41.52566763354769
2026-05-13T12:40:25.046226,375,14.42711067199707,42.33641052246094,44.727096689461
2026-05-13T12:40:25.065129,376,14.343976020812988,45.4547233581543,47.664258345766754
2026-05-13T12:40:25.087175,377,14.367361068725586,48.40837860107422,50.49546695361943
2026-05-13T12:40:25.106099,378,14.381685256958008,50.84518814086914,52.84000404911588
2026-05-13T12:40:25.127071,379,14.331451416015625,52.55157470703125,54.47071234964991
2026-05-13T12:40:25.148121,380,14.33176040649414,53.84779357910156,55.72238535531913
2026-05-13T12:40:25.168082,381,14.022579193115234,54.43836212158203,56.2153715429124
2026-05-13T12:40:25.189087,382,13.79156494140625,53.708740234375,55.45120414469462
2026-05-13T12:40:25.208995,383,13.409865379333496,51.04243850708008,52.77456791145616
2026-05-13T12:40:25.228983,384,13.041289329528809,47.11061477661133,48.88236135874321
2026-05-13T12:40:25.251054,385,12.618196487426758,42.16786193847656,44.01530941681234
2026-05-13T12:40:25.269974,386,12.094937324523926,35.573394775390625,37.57331399717027
2026-05-13T12:40:25.292050,387,11.603400230407715,27.645294189453125,29.981680868964578
2026-05-13T12:40:25.310897,388,10.883155822753906,18.23456573486328,21.235406005098945
2026-05-13T12:40:25.331883,389,10.12448501586914,7.825107574462891,12.795995677885925
2026-05-13T12:40:25.351861,390,9.06851577758789,-3.3995280265808105,9.684769961742454
2026-05-13T12:40:25.372853,391,8.052714347839355,-14.318424224853516,16.427522048403095
2026-05-13T12:40:25.393988,392,7.239108085632324,-24.492950439453125,25.540346652012662
2026-05-13T12:40:25.413809,393,6.650269031524658,-32.83998107910156,33.50657301884817
2026-05-13T12:40:25.434862,394,6.6710944175720215,-38.52532958984375,39.09865113701815
2026-05-13T12:40:25.454774,395,7.298076152801514,-41.20546340942383,41.84676965211838
2026-05-13T12:40:25.474751,396,7.987537384033203,-40.851524353027344,41.625086131169915
2026-05-13T12:40:25.496802,397,8.881633758544922,-36.8468017578125,37.902113635000084
2026-05-13T12:40:25.515714,398,9.649168014526367,-30.699880599975586,32.18057041485306
2026-05-13T12:40:25.537852,399,10.175183296203613,-22.943532943725586,25.098606715337056
2026-05-13T12:40:25.556684,400,10.540241241455078,-15.031241416931152,18.35851039605711
2026-05-13T12:40:25.577667,401,10.413166046142578,-7.518283843994141,12.843621726888408
2026-05-13T12:40:25.597661,402,9.718666076660156,-0.6599849462509155,9.741049760621426
2026-05-13T12:40:25.618629,403,8.310335159301758,5.1068830490112305,9.754072223241185
2026-05-13T12:40:25.639678,404,7.044868469238281,9.90623664855957,12.155809158017103
2026-05-13T12:40:25.659647,405,5.201403617858887,14.01504135131836,14.949113140084233
2026-05-13T12:40:25.680656,406,3.420121192932129,17.511249542236328,17.84211561179939
2026-05-13T12:40:25.700552,407,1.82680082321167,20.28775978088379,20.369840406211647
2026-05-13T12:40:25.720528,408,0.6992561221122742,22.142189025878906,22.153227619966888
2026-05-13T12:40:25.742593,409,-0.8344690203666687,23.95929718017578,23.973824474078615
2026-05-13T12:40:25.761488,410,-1.6969845294952393,25.740392684936523,25.796270506956617
2026-05-13T12:40:25.783546,411,-2.2366137504577637,27.18798065185547,27.279822818237
2026-05-13T12:40:25.802536,412,-2.293246269226074,27.627685546875,27.72269804922178
2026-05-13T12:40:25.823503,413,-1.977946400642395,27.343975067138672,27.41541982965272
2026-05-13T12:40:25.844488,414,-1.5486469268798828,26.57393455505371,26.619021489160946
2026-05-13T12:40:25.864415,415,-0.8508358001708984,25.139509201049805,25.153903164887158
2026-05-13T12:40:25.885451,416,0.6902252435684204,22.758155822753906,22.76862023354965
2026-05-13T12:40:25.905368,417,1.995138168334961,19.641860961914062,19.742929832168038
2026-05-13T12:40:25.925354,418,3.655691623687744,15.342406272888184,15.771921616907035
2026-05-13T12:40:25.945327,419,5.676229000091553,10.839253425598145,12.235562532463371
2026-05-13T12:40:25.966305,420,7.754166126251221,5.999753952026367,9.8042919070353
2026-05-13T12:40:25.987361,421,9.9581880569458,0.5961650609970093,9.976017349496319
2026-05-13T12:40:26.007847,422,11.535295486450195,-3.745089054107666,12.128014428706592
2026-05-13T12:40:26.028327,423,12.757697105407715,-7.163478851318359,14.631276932879569
2026-05-13T12:40:26.048244,424,13.54670524597168,-9.519002914428711,16.55670980316255
2026-05-13T12:40:26.068214,425,13.87042236328125,-11.05179214477539,17.73501412875478
2026-05-13T12:40:26.090265,426,13.911096572875977,-11.768777847290039,18.221491154094565
2026-05-13T12:40:26.109336,427,13.823312759399414,-11.801311492919922,18.175668587347715
2026-05-13T12:40:26.131228,428,13.83061408996582,-11.419729232788086,17.935888655312173
2026-05-13T12:40:26.150147,429,13.335517883300781,-10.340754508972168,16.875047882322086
2026-05-13T12:40:26.171172,430,12.47274398803711,-9.101131439208984,15.440205182084663
2026-05-13T12:40:26.191106,431,11.152868270874023,-7.397043228149414,13.382926405931538
2026-05-13T12:40:26.212088,432,9.53866958618164,-5.38330078125,10.952905768596455
2026-05-13T12:40:26.233160,433,7.9168701171875,-3.2039670944213867,8.540622787276783
2026-05-13T12:40:26.253050,434,6.194846153259277,-1.1610972881317139,6.302718919248905
2026-05-13T12:40:26.274434,435,4.643908500671387,1.099318027496338,4.772251700003512
2026-05-13T12:40:26.294018,436,3.3428032398223877,2.8732028007507324,4.407905152610353
2026-05-13T12:40:26.315019,437,1.9536972045898438,4.420375823974609,4.832872354242493
2026-05-13T12:40:26.336090,438,0.9169321060180664,5.875768661499023,5.9468833728685775
2026-05-13T12:40:26.355022,439,-0.14133389294147491,7.0763349533081055,7.077746226073948
2026-05-13T12:40:26.377008,440,-0.7858915328979492,7.883333206176758,7.922409225803083
2026-05-13T12:40:26.395921,441,-1.4007360935211182,8.589719772338867,8.703180302108079
2026-05-13T12:40:26.417333,442,-1.8209617137908936,9.114185333251953,9.294314167917786
2026-05-13T12:40:26.437947,443,-2.2995545864105225,9.413763046264648,9.690556536499829
2026-05-13T12:40:26.457863,444,-2.384629964828491,9.636207580566406,9.92688050723506
2026-05-13T12:40:26.478903,445,-2.0163702964782715,9.414291381835938,9.627805118230754
2026-05-13T12:40:26.498844,446,-1.7818894386291504,8.90690803527832,9.083399183147442
2026-05-13T12:40:26.518807,447,-1.4263617992401123,8.230108261108398,8.352795338801029
2026-05-13T12:40:26.539797,448,-1.0932354927062988,7.508316993713379,7.587488907444801
2026-05-13T12:40:26.559784,449,-0.843669056892395,7.0830817222595215,7.13314966629501
2026-05-13T12:40:26.581825,450,-0.6394718289375305,6.424347877502441,6.456095559328008
2026-05-13T12:40:26.600745,451,-0.17385879158973694,5.781806945800781,5.784420319956288
2026-05-13T12:40:26.622821,452,0.2868267893791199,5.140185356140137,5.148181727812553
2026-05-13T12:40:26.641708,453,0.6564198136329651,4.606365203857422,4.6529009620921835
2026-05-13T12:40:26.662729,454,0.9171139001846313,4.091976165771484,4.193491009547268
2026-05-13T12:40:26.683751,455,1.0517367124557495,3.58477520942688,3.735875187215006
2026-05-13T12:40:26.703650,456,1.4214625358581543,3.1996889114379883,3.5012233391812515
2026-05-13T12:40:26.724709,457,1.4622182846069336,2.8093690872192383,3.167118087482988
2026-05-13T12:40:26.744624,458,1.6127922534942627,2.4430031776428223,2.9273474988296195
2026-05-13T12:40:26.764600,459,1.6642073392868042,2.1123952865600586,2.6892006088830964
2026-05-13T12:40:26.785582,460,1.8797380924224854,1.8104465007781982,2.6098145199006284
2026-05-13T12:40:26.805631,461,2.1251444816589355,1.7173742055892944,2.7323274382747185
2026-05-13T12:40:26.827661,462,2.5964865684509277,1.3162939548492432,2.9110775111148683
2026-05-13T12:40:26.846529,463,3.0370936393737793,0.8620460033416748,3.15706526479926
2026-05-13T12:40:26.868614,464,3.7496557235717773,0.49522829055786133,3.7822174851644177
2026-05-13T12:40:26.887495,465,4.410943031311035,0.11800892651081085,4.4125213350427686
2026-05-13T12:40:26.908462,466,5.067476749420166,-0.4006161391735077,5.083287705499292
2026-05-13T12:40:26.929540,467,6.020581245422363,-1.2783368825912476,6.154798430340721
2026-05-13T12:40:26.949459,468,6.618886470794678,-1.9088979959487915,6.888653690831477
2026-05-13T12:40:26.970479,469,7.175870895385742,-2.529390811920166,7.608609661867951
2026-05-13T12:40:26.990428,470,7.3010358810424805,-2.782468795776367,7.813274443902437
2026-05-13T12:40:27.010388,471,7.702176094055176,-3.3173224925994873,8.386187757482032
2026-05-13T12:40:27.032422,472,7.529423713684082,-3.5948262214660645,8.343560212686679
2026-05-13T12:40:27.051342,473,7.613089561462402,-3.9478819370269775,8.575832581128882
2026-05-13T12:40:27.073392,474,6.948724746704102,-4.0493574142456055,8.042516464003281
2026-05-13T12:40:27.092305,475,6.307610511779785,-3.9837605953216553,7.46031492962277
2026-05-13T12:40:27.113279,476,5.575440406799316,-3.8142127990722656,6.755276086613871
2026-05-13T12:40:27.133259,477,4.605422019958496,-3.6160731315612793,5.855416029174869
2026-05-13T12:40:27.154250,478,3.837568521499634,-3.2663073539733887,5.039414240546765
2026-05-13T12:40:27.175307,479,3.2013702392578125,-3.2450368404388428,4.558402736113926
2026-05-13T12:40:27.195211,480,2.7386090755462646,-3.115496873855591,4.148047786570006
2026-05-13T12:40:27.216272,481,2.675320863723755,-3.0964620113372803,4.092116654193833
2026-05-13T12:40:27.236170,482,2.8663134574890137,-3.3890223503112793,4.438606237040183
2026-05-13T12:40:27.256160,483,2.923739433288574,-3.461714267730713,4.531193876361613
2026-05-13T12:40:27.278195,484,3.243317127227783,-3.8855295181274414,5.061269171266111
2026-05-13T12:40:27.297110,485,3.445701837539673,-4.086877822875977,5.3455992640993735
2026-05-13T12:40:27.319167,486,3.9423928260803223,-4.651188373565674,6.09721366539849
2026-05-13T12:40:27.338075,487,4.151455879211426,-4.907418251037598,6.427856548465906
2026-05-13T12:40:27.359059,488,4.517645835876465,-4.8349456787109375,6.617085734256246
2026-05-13T12:40:27.379071,489,4.632570743560791,-4.967281341552734,6.792245256189835
2026-05-13T12:40:27.400072,490,5.067598342895508,-4.939265727996826,7.0765032958857095
2026-05-13T12:40:27.421148,491,5.21273946762085,-4.877800941467285,7.139019175059781
2026-05-13T12:40:27.440985,492,4.971707344055176,-4.468905448913574,6.684982410318041
2026-05-13T12:40:27.462017,493,4.829623699188232,-3.9439032077789307,6.235353846261619
2026-05-13T12:40:27.481930,494,4.516932010650635,-3.2523269653320312,5.5659954615743485
2026-05-13T12:40:27.501910,495,3.8855302333831787,-2.735762596130371,4.752025060636857
2026-05-13T12:40:27.523982,496,3.5430588722229004,-1.7388060092926025,3.9467344108755884
2026-05-13T12:40:27.542876,497,2.7984354496002197,-0.981374204158783,2.965524623766842
2026-05-13T12:40:27.564929,498,2.684187889099121,-0.4122326076030731,2.7156583634098057
2026-05-13T12:40:27.583849,499,2.0575239658355713,0.32081350684165955,2.082384732982784
2026-05-13T12:40:27.604820,500,1.7578175067901611,1.1617032289505005,2.1070065921425107
2026-05-13T12:40:27.625881,501,1.4778419733047485,1.8005098104476929,2.3293459329991455
2026-05-13T12:40:27.645792,502,1.1240313053131104,2.398519992828369,2.6488383361997188
2026-05-13T12:40:27.666972,503,0.736698567867279,3.1898839473724365,3.2738485575240124
2026-05-13T12:40:27.686755,504,0.24852487444877625,3.643252372741699,3.6517191108720013
2026-05-13T12:40:27.706734,505,-0.06457769125699997,3.7791996002197266,3.779751300880658
2026-05-13T12:40:27.727728,506,0.14415042102336884,3.4963369369506836,3.4993072629546127
2026-05-13T12:40:27.747699,507,0.3087167739868164,2.8272347450256348,2.844039794029084
2026-05-13T12:40:27.769767,508,0.4193168878555298,1.8615645170211792,1.9082057288125782
2026-05-13T12:40:27.788669,509,0.9540292024612427,0.870044469833374,1.291181280315228
2026-05-13T12:40:27.810819,510,1.1108698844909668,-0.6047859191894531,1.2648311777936239
2026-05-13T12:40:27.829662,511,1.729200839996338,-2.0558576583862305,2.6863890739409575
2026-05-13T12:40:27.850613,512,1.8472113609313965,-3.92604398727417,4.338895159135063
2026-05-13T12:40:27.871664,513,2.3296873569488525,-6.3090434074401855,6.725434699563427
2026-05-13T12:40:27.891575,514,2.446528673171997,-8.411389350891113,8.759964232857184
2026-05-13T12:40:27.912630,515,2.7252590656280518,-9.747480392456055,10.121285045689758
2026-05-13T12:40:27.932552,516,2.210982322692871,-10.118484497070312,10.357227976090543
2026-05-13T12:40:27.952522,517,1.1774277687072754,-8.438897132873535,8.520640877876744
2026-05-13T12:40:27.973504,518,-1.1385407447814941,-4.075814247131348,4.231847918421274
2026-05-13T12:40:27.993488,519,-3.5565922260284424,2.325301170349121,4.249279208886248
2026-05-13T12:40:28.015528,520,-6.343373775482178,9.593221664428711,11.500795309818335
2026-05-13T12:40:28.034464,521,-8.73216438293457,15.845130920410156,18.091955911275296
2026-05-13T12:40:28.056496,522,-11.200899124145508,19.996231079101562,22.91962911039598
2026-05-13T12:40:28.075416,523,-12.198524475097656,21.22315788269043,24.479101901073932
2026-05-13T12:40:28.096387,524,-12.404694557189941,20.28536605834961,23.7775634407401
2026-05-13T12:40:28.117438,525,-11.087665557861328,17.410606384277344,20.641355144254057
2026-05-13T12:40:28.137361,526,-9.355339050292969,13.470270156860352,16.400321546992277
2026-05-13T12:40:28.158441,527,-7.233682632446289,8.398838996887207,11.084523486491802
2026-05-13T12:40:28.178318,528,-5.0794830322265625,2.9224348068237305,5.86018541300635
2026-05-13T12:40:28.198297,529,-2.5396881103515625,-3.5235953330993652,4.343470935703463
2026-05-13T12:40:28.220554,530,-0.6614415645599365,-10.812925338745117,10.833137095255635
2026-05-13T12:40:28.239268,531,0.4370384216308594,-19.025609970092773,19.03062892592032
2026-05-13T12:40:28.261309,532,0.08756636083126068,-28.821794509887695,28.8219275316163
2026-05-13T12:40:28.280234,533,-1.8720526695251465,-38.7197265625,38.764955904427964
2026-05-13T12:40:28.301194,534,-4.862611770629883,-47.383880615234375,47.632731764939244
2026-05-13T12:40:28.321183,535,-8.21091079711914,-52.87540817260742,53.50913796295066
2026-05-13T12:40:28.342157,536,-10.98651123046875,-54.9888916015625,56.07567769171949
2026-05-13T12:40:28.363219,537,-12.841054916381836,-54.17540740966797,55.67645336557494
2026-05-13T12:40:28.383120,538,-13.69528579711914,-49.896644592285156,51.74201382468209
2026-05-13T12:40:28.404194,539,-13.710375785827637,-43.231441497802734,45.3534115383457
2026-05-13T12:40:28.424107,540,-12.815204620361328,-34.24610137939453,36.56535148401419
2026-05-13T12:40:28.444112,541,-11.628539085388184,-23.580411911010742,26.29179999835192
2026-05-13T12:40:28.466187,542,-9.951501846313477,-11.613459587097168,15.293947579952
2026-05-13T12:40:28.485107,543,-7.996999263763428,1.4361412525177002,8.124930702585463
2026-05-13T12:40:28.507072,544,-5.706083297729492,14.607211112976074,15.682155562921801
2026-05-13T12:40:28.526005,545,-3.697108745574951,26.855173110961914,27.108466129538545
2026-05-13T12:40:28.546976,546,-1.938058853149414,37.61433029174805,37.66422593675576
2026-05-13T12:40:28.566964,547,-0.5777977705001831,45.777801513671875,45.78144778934732
2026-05-13T12:40:28.587934,548,0.543975830078125,50.76219940185547,50.76511398408798
2026-05-13T12:40:28.608983,549,0.9334368705749512,52.13200378417969,52.14035982753738
2026-05-13T12:40:28.628895,550,1.6507885456085205,51.008689880371094,51.03539503260639
2026-05-13T12:40:28.649966,551,2.398768424987793,48.77733612060547,48.836283734322386
2026-05-13T12:40:28.669900,552,2.8695216178894043,44.89836120605469,44.98996547347965
2026-05-13T12:40:28.689845,553,3.066549301147461,40.443763732910156,40.559853913689416
2026-05-13T12:40:28.711904,554,3.1941237449645996,36.314697265625,36.454899039664596
2026-05-13T12:40:28.730804,555,3.1536757946014404,32.33058166503906,32.48402964253688
2026-05-13T12:40:28.752854,556,2.8841371536254883,29.16985321044922,29.31208937350044
2026-05-13T12:40:28.771769,557,2.6870570182800293,26.309829711914062,26.44669005545692
2026-05-13T12:40:28.792758,558,2.7249703407287598,23.10492706298828,23.26506217365128
2026-05-13T12:40:28.813876,559,2.298647880554199,20.081851959228516,20.212979992844858
2026-05-13T12:40:28.833763,560,2.121782064437866,17.167997360229492,17.29861533446585
2026-05-13T12:40:28.854782,561,2.0757646560668945,14.978263854980469,15.121414848379462
2026-05-13T12:40:28.874758,562,1.997140645980835,12.903582572937012,13.057220760040495
2026-05-13T12:40:28.894754,563,1.8126786947250366,11.462030410766602,11.604479531096965
2026-05-13T12:40:28.915647,564,1.9023535251617432,10.604641914367676,10.773921248396938
2026-05-13T12:40:28.935631,565,1.7432376146316528,9.969048500061035,10.120316466278899
2026-05-13T12:40:28.957689,566,1.6488237380981445,9.427349090576172,9.570450908651239
2026-05-13T12:40:28.976588,567,1.8767588138580322,9.297539710998535,9.485065541312222
2026-05-13T12:40:28.998637,568,1.84892737865448,9.00008487701416,9.188038977115689
2026-05-13T12:40:29.017563,569,1.9828823804855347,9.111616134643555,9.324879147738953
2026-05-13T12:40:29.038531,570,2.120041847229004,9.476387977600098,9.71063883253856
2026-05-13T12:40:29.059595,571,2.2978920936584473,9.880962371826172,10.144640233519505
2026-05-13T12:40:29.079520,572,2.137896776199341,10.716466903686523,10.92763769181117
2026-05-13T12:40:29.100550,573,2.221940755844116,11.330343246459961,11.546155152477468
2026-05-13T12:40:29.120456,574,2.195375919342041,11.821182250976562,12.023311741697054
2026-05-13T12:40:29.140435,575,2.2014384269714355,12.544139862060547,12.735846105645392
2026-05-13T12:40:29.161473,576,2.513902425765991,13.80212116241455,14.029192920059362
2026-05-13T12:40:29.181404,577,2.654956340789795,14.286203384399414,14.530808659944746
2026-05-13T12:40:29.203454,578,2.905560255050659,14.753863334655762,15.037245881258631
2026-05-13T12:40:29.222375,579,3.5115721225738525,15.171338081359863,15.572431985754756
2026-05-13T12:40:29.244423,580,3.8584163188934326,15.678962707519531,16.146741097623735
2026-05-13T12:40:29.263334,581,4.440713882446289,15.74217414855957,16.356527342603272
2026-05-13T12:40:29.284321,582,4.950068473815918,15.403324127197266,16.179170932497243
2026-05-13T12:40:29.305360,583,5.33249568939209,15.394967079162598,16.29234549246625
2026-05-13T12:40:29.325282,584,5.46347188949585,15.566121101379395,16.497080081945416
2026-05-13T12:40:29.346324,585,5.601445198059082,15.595298767089844,16.570743252541604
2026-05-13T12:40:29.366237,586,5.415674209594727,15.56978988647461,16.48477734922242
2026-05-13T12:40:29.386211,587,4.9424614906311035,15.170846939086914,15.95564233854514
2026-05-13T12:40:29.408280,588,4.8617777824401855,14.809950828552246,15.587543961444483
2026-05-13T12:40:29.427174,589,4.645098686218262,14.78805160522461,15.500432641816575
2026-05-13T12:40:29.449226,590,4.337847709655762,14.77177906036377,15.395531149017472
2026-05-13T12:40:29.468162,591,4.043347358703613,14.128808975219727,14.69598247554021
2026-05-13T12:40:29.490219,592,3.730161190032959,13.418439865112305,13.927262147215554
2026-05-13T12:40:29.509145,593,3.2606725692749023,11.664012908935547,12.111200714373322
2026-05-13T12:40:29.530156,594,2.9784774780273438,9.201807022094727,9.671844734019873
2026-05-13T12:40:29.551125,595,2.7264106273651123,5.787049293518066,6.397128608572551
2026-05-13T12:40:29.571064,596,1.6779123544692993,0.9052773118019104,1.9065457981763776
2026-05-13T12:40:29.592100,597,0.8084942698478699,-6.808435440063477,6.856271299029027
2026-05-13T12:40:29.612025,598,-0.9242136478424072,-17.81894302368164,17.84289498226313
2026-05-13T12:40:29.631987,599,-3.1891613006591797,-32.04060363769531,32.198929039170174
2026-05-13T12:40:29.654033,600,-5.435416221618652,-48.68201446533203,48.98451063249517
2026-05-13T12:40:29.672998,601,-7.75153923034668,-65.48200988769531,65.93921427626985
2026-05-13T12:40:29.695014,602,-8.389585494995117,-77.76763153076172,78.21885743656804
2026-05-13T12:40:29.713918,603,-7.708212852478027,-82.90117645263672,83.25876291784736
2026-05-13T12:40:29.734897,604,-5.10090970993042,-79.37772369384766,79.54145019224684
2026-05-13T12:40:29.754880,605,-1.208757996559143,-67.29885864257812,67.30971304713725
2026-05-13T12:40:29.775861,606,1.675111174583435,-50.973121643066406,51.000638500768396
2026-05-13T12:40:29.796909,607,3.355515718460083,-34.75117111206055,34.91279678565646
2026-05-13T12:40:29.816899,608,2.8306782245635986,-20.292638778686523,20.489117301954973
2026-05-13T12:40:29.837920,609,0.7539536952972412,-9.119437217712402,9.150550876447301
2026-05-13T12:40:29.857794,610,-2.4437973499298096,-0.3128683567047119,2.4637435126552982
2026-05-13T12:40:29.877782,611,-5.148214817047119,6.332287788391113,8.161003886622694
2026-05-13T12:40:29.899821,612,-7.06533145904541,11.376359939575195,13.391806229965699
2026-05-13T12:40:29.918740,613,-8.151482582092285,15.439598083496094,17.459320068835734
2026-05-13T12:40:29.940788,614,-8.197781562805176,17.796201705932617,19.593581033330977
2026-05-13T12:40:29.959710,615,-7.120123863220215,18.01940155029297,19.375112801176115
2026-05-13T12:40:29.980686,616,-5.208755970001221,15.333438873291016,16.193995382115414
2026-05-13T12:40:30.001750,617,-1.9786893129348755,9.885820388793945,10.081897448229514
2026-05-13T12:40:30.021656,618,1.8209939002990723,1.917772889137268,2.6445929061457325
2026-05-13T12:40:30.042694,619,5.352770805358887,-6.407814025878906,8.349385359710789
2026-05-13T12:40:30.062599,620,7.837991237640381,-13.723447799682617,15.804022467458752
2026-05-13T12:40:30.082589,621,9.820695877075195,-18.594255447387695,21.028371386122814
2026-05-13T12:40:30.103564,622,10.765066146850586,-20.525650024414062,23.177337165230988
2026-05-13T12:40:30.123559,623,10.592906951904297,-19.816970825195312,22.470469740936537
2026-05-13T12:40:30.145598,624,9.60024642944336,-17.278091430664062,19.76606119064764
2026-05-13T12:40:30.164557,625,8.226036071777344,-13.576919555664062,15.874520908523673
2026-05-13T12:40:30.186563,626,6.4611382484436035,-9.76781940460205,11.711387765180573
2026-05-13T12:40:30.205471,627,4.7387213706970215,-5.628350734710693,7.35756836339419
2026-05-13T12:40:30.226464,628,3.3186826705932617,-2.1490774154663086,3.953756240053675
2026-05-13T12:40:30.247521,629,2.0606744289398193,1.0035655498504639,2.292056481619315
2026-05-13T12:40:30.267424,630,1.185262680053711,3.570690631866455,3.7622704859203
2026-05-13T12:40:30.288477,631,0.10857263952493668,5.7704362869262695,5.771457611342982
2026-05-13T12:40:30.308381,632,-0.6105369329452515,7.250853061676025,7.276511902588134
2026-05-13T12:40:30.328370,633,-1.0625591278076172,8.002565383911133,8.072799057567334
2026-05-13T12:40:30.349349,634,-0.07531511783599854,7.222479343414307,7.222872021088357
2026-05-13T12:40:30.369345,635,-0.5689817070960999,7.2817888259887695,7.303984439284142
2026-05-13T12:40:30.391385,636,-1.017514944076538,7.141750335693359,7.213870980187773
2026-05-13T12:40:30.410297,637,-0.26506784558296204,6.674490451812744,6.679751773389598
2026-05-13T12:40:30.432350,638,-0.36629682779312134,6.584104537963867,6.594285854653838
2026-05-13T12:40:30.451259,639,-0.11443059146404266,6.278711318969727,6.279753990979374
2026-05-13T12:40:30.472238,640,0.2705233693122864,5.921769142150879,5.92794506269031
2026-05-13T12:40:30.493293,641,0.6645037531852722,5.44705867767334,5.487441432581649
2026-05-13T12:40:30.513209,642,1.0728232860565186,4.666656970977783,4.788385645275518
2026-05-13T12:40:30.534265,643,1.43608820438385,4.2896647453308105,4.523668086642131
2026-05-13T12:40:30.554200,644,1.5428030490875244,3.9871058464050293,4.275190554666649
2026-05-13T12:40:30.574185,645,1.9428571462631226,3.6612391471862793,4.144799872572257
2026-05-13T12:40:30.596265,646,2.6586694717407227,3.3498449325561523,4.276679135981355
2026-05-13T12:40:30.615101,647,1.7503920793533325,3.726304054260254,4.116942352797679
2026-05-13T12:40:30.637161,648,1.757178783416748,3.7958903312683105,4.18287708209388
2026-05-13T12:40:30.656075,649,2.591275453567505,3.313720226287842,4.2065960365086905
2026-05-13T12:40:30.678667,650,2.501190662384033,3.497633934020996,4.299929983850001
2026-05-13T12:40:30.697037,651,2.6466288566589355,3.579815149307251,4.45193450177667
2026-05-13T12:40:30.718012,652,2.5026535987854004,3.3313164710998535,4.166646669221509
2026-05-13T12:40:30.739061,653,2.4280591011047363,2.981459140777588,3.8450708194497243
2026-05-13T12:40:30.758976,654,2.378988742828369,2.8696041107177734,3.7274944923839186
2026-05-13T12:40:30.780108,655,2.007258415222168,2.8041765689849854,3.448549343640687
2026-05-13T12:40:30.799933,656,1.1144605875015259,2.882704019546509,3.090631790654436
2026-05-13T12:40:30.819966,657,1.418358564376831,2.590869426727295,2.9537002900584426
2026-05-13T12:40:30.842016,658,1.900370478630066,2.1301939487457275,2.854668845123998
2026-05-13T12:40:30.860882,659,2.017454147338867,1.9978938102722168,2.839313458168864
2026-05-13T12:40:30.882956,660,1.9514285326004028,1.7131867408752441,2.596744524776687
2026-05-13T12:40:30.901840,661,1.7071106433868408,1.8053933382034302,2.4846874762017777
2026-05-13T12:40:30.922825,662,1.157562255859375,1.7501249313354492,2.0983059003567988
2026-05-13T12:40:30.942799,663,1.1545180082321167,1.573852777481079,1.951902763079442
2026-05-13T12:40:30.963793,664,1.2755424976348877,1.6000237464904785,2.046236704930804
2026-05-13T12:40:30.984832,665,1.5265133380889893,1.3007948398590088,2.0055697910487718
2026-05-13T12:40:31.004735,666,1.3145980834960938,1.359666347503662,1.8912590244769625
2026-05-13T12:40:31.025788,667,1.1543247699737549,1.3044099807739258,1.7418240647429337
2026-05-13T12:40:31.045718,668,1.194223403930664,1.23834228515625,1.7203665753849513
2026-05-13T12:40:31.065682,669,0.8657285571098328,1.0644032955169678,1.372020521021043
2026-05-13T12:40:31.087743,670,1.2410671710968018,1.1851938962936401,1.7160805036436717
2026-05-13T12:40:31.106652,671,1.100790023803711,1.0979256629943848,1.5547280913289738
2026-05-13T12:40:31.128699,672,0.848736047744751,1.0867946147918701,1.3789399600714998
2026-05-13T12:40:31.147612,673,1.0919959545135498,0.9511887431144714,1.4481765050233506
2026-05-13T12:40:31.168657,674,0.8420368432998657,0.9414514899253845,1.2630744053131349
2026-05-13T12:40:31.189649,675,0.9234493970870972,0.9061044454574585,1.2937480647553803
2026-05-13T12:40:31.209557,676,0.952604353427887,0.7393053770065308,1.2058306243583845
2026-05-13T12:40:31.230619,677,0.8500677347183228,0.8617015480995178,1.2104316220283764
2026-05-13T12:40:31.250523,678,0.8062187433242798,0.7235665321350098,1.0832992146739815
2026-05-13T12:40:31.270500,679,0.8660494089126587,0.8178017139434814,1.1911512171033791
2026-05-13T12:40:31.291493,680,0.7081754207611084,0.7098993062973022,1.0027309966544187
2026-05-13T12:40:31.311470,681,0.6145428419113159,0.5964025855064392,0.8563637945074524
2026-05-13T12:40:31.333517,682,0.6581584215164185,0.8513888716697693,1.076120587395347
2026-05-13T12:40:31.352425,683,0.7744613289833069,0.7124394774436951,1.0523119115123782
2026-05-13T12:40:31.374480,684,0.5899240970611572,0.575492262840271,0.8241369940018693
2026-05-13T12:40:31.393387,685,0.6708934307098389,0.6918582916259766,0.963725008008629
2026-05-13T12:40:31.414369,686,0.6404589414596558,0.7659709453582764,0.9984483686343898
2026-05-13T12:40:31.435418,687,0.5822128057479858,0.6205035448074341,0.8508797801661133
2026-05-13T12:40:31.455324,688,0.7348899245262146,0.7037375569343567,1.0175017200035006
2026-05-13T12:40:31.476384,689,0.5936352014541626,0.5507097244262695,0.8097431401272763
2026-05-13T12:40:31.496290,690,0.6161065697669983,0.5359886884689331,0.8166218093320213
2026-05-13T12:40:31.516277,691,0.6226696968078613,0.5847713351249695,0.854210199954691
2026-05-13T12:40:31.537276,692,0.5703030824661255,0.5264753103256226,0.7761583976565769
2026-05-13T12:40:31.557230,693,0.4667516350746155,0.447201132774353,0.6464100416914109
2026-05-13T12:40:31.579299,694,0.38290414214134216,0.47842228412628174,0.6127833744624652
2026-05-13T12:40:31.598236,695,0.5321990251541138,0.38461834192276,0.6566331329733538
2026-05-13T12:40:31.620381,696,0.48628559708595276,0.3095695674419403,0.5764607523669166
2026-05-13T12:40:31.639807,697,0.431979775428772,0.6909533143043518,0.8148760696741932
2026-05-13T12:40:31.660177,698,0.5870162844657898,0.15664416551589966,0.6075570037603003
2026-05-13T12:40:31.681195,699,0.38427698612213135,0.4315365254878998,0.5778343836198029
2026-05-13T12:40:31.701101,700,0.5297079682350159,0.2587880492210388,0.589543710026067
2026-05-13T12:40:31.722168,701,0.2900768518447876,0.43664443492889404,0.5242165034893084
2026-05-13T12:40:31.742071,702,0.5357885956764221,0.31851494312286377,0.6233146783523341
2026-05-13T12:40:31.762042,703,0.38812676072120667,0.24411353468894958,0.4585125954717818
2026-05-13T12:40:31.784090,704,0.30806538462638855,0.35315051674842834,0.4686358593670428
2026-05-13T12:40:31.803096,705,0.48302045464515686,0.21879354119300842,0.5302634941926426
2026-05-13T12:40:31.825133,706,0.4037502110004425,0.31557542085647583,0.5124471476470951
2026-05-13T12:40:31.843966,707,0.2408701777458191,0.23800428211688995,0.3386214417801664
2026-05-13T12:40:31.866325,708,0.45244473218917847,0.522845983505249,0.6914290695026559
2026-05-13T12:40:31.884931,709,0.3010020852088928,0.06303535401821136,0.30753164252854176
2026-05-13T12:40:31.905906,710,0.11715512722730637,0.2593035399913788,0.2845411212596642
2026-05-13T12:40:31.926979,711,0.43887585401535034,0.2380136400461197,0.49926196338766576
2026-05-13T12:40:31.946865,712,0.2401842325925827,0.22140532732009888,0.3266631055870987
2026-05-13T12:40:31.967915,713,0.43420568108558655,0.2852853536605835,0.5195404762867301
2026-05-13T12:40:31.987827,714,0.2763436734676361,0.2207975536584854,0.3537193598987186
2026-05-13T12:40:32.007817,715,0.2998083829879761,0.4638364017009735,0.5522945537055131
2026-05-13T12:40:32.029876,716,0.3441731333732605,0.005774424411356449,0.34422157066815356
2026-05-13T12:40:32.048769,717,0.2098366618156433,0.5028843879699707,0.5449074529733142
2026-05-13T12:40:32.070824,718,0.3948383927345276,0.14868198335170746,0.4219048335236069
2026-05-13T12:40:32.089737,719,0.11732162535190582,0.2334124594926834,0.2612388562630692
2026-05-13T12:40:32.110717,720,0.399888813495636,0.21804766356945038,0.4554732118874213
2026-05-13T12:40:32.130711,721,0.14476093649864197,0.2202681303024292,0.2635787889092971
2026-05-13T12:40:32.151695,722,0.2957770824432373,0.28587979078292847,0.4113530567246639
2026-05-13T12:40:32.172770,723,0.16605806350708008,0.36390912532806396,0.400006414889509
2026-05-13T12:40:32.193309,724,0.23414768278598785,0.13859382271766663,0.27209076619676675
2026-05-13T12:40:32.213705,725,0.28553348779678345,0.1291632354259491,0.3133887586354926
2026-05-13T12:40:32.233608,726,0.08503027260303497,0.3129321336746216,0.32427868808341026
2026-05-13T12:40:32.253586,727,0.295379102230072,0.1309017837047577,0.32308526894819967
2026-05-13T12:40:32.275635,728,0.04479462280869484,0.14337937533855438,0.15021385923092218
2026-05-13T12:40:32.294558,729,0.3868948221206665,0.30722999572753906,0.4940423804275559
2026-05-13T12:40:32.316604,730,0.21040499210357666,0.11432026326656342,0.23945643297986907
2026-05-13T12:40:32.335538,731,0.14734476804733276,0.1260954737663269,0.19393439399775567
2026-05-13T12:40:32.356498,732,0.16014239192008972,0.29610317945480347,0.3366343395631693
2026-05-13T12:40:32.377545,733,0.3580380380153656,0.24824625253677368,0.43568043169787185
2026-05-13T12:40:32.397452,734,0.23451736569404602,0.0025160033255815506,0.2345308616894784
2026-05-13T12:40:32.418509,735,-0.027074307203292847,0.16668233275413513,0.16886686520125405
2026-05-13T12:40:32.438427,736,0.4188493490219116,0.004547428339719772,0.41887403390587963
2026-05-13T12:40:32.459477,737,0.011888042092323303,0.2893637716770172,0.2896078692023713
2026-05-13T12:40:32.479390,738,0.35949277877807617,0.12125778198242188,0.3793922873291962
2026-05-13T12:40:32.499360,739,0.13940374553203583,0.05782628059387207,0.15092144644046393
2026-05-13T12:40:32.521413,740,0.1649756282567978,0.28572940826416016,0.3299367403999019
2026-05-13T12:40:32.540332,741,0.2876300811767578,-0.07563045620918274,0.2974071779634066
2026-05-13T12:40:32.562558,742,0.3085023760795593,0.19860325753688812,0.3669018532945798
2026-05-13T12:40:32.581292,743,0.07807005196809769,0.08217471837997437,0.11334733060434009
2026-05-13T12:40:32.602271,744,0.006294466555118561,0.08836191147565842,0.0885858211501457
2026-05-13T12:40:32.623355,745,0.23573626577854156,0.01485474593937397,0.23620383248401058
2026-05-13T12:40:32.643275,746,0.06640211492776871,0.2000798135995865,0.21081075085708006
2026-05-13T12:40:32.664387,747,0.2532743811607361,-0.02220209687948227,0.2542456396050869
2026-05-13T12:40:32.684279,748,0.04500994086265564,0.1609904170036316,0.16716401868662692
2026-05-13T12:40:32.704194,749,0.1897493302822113,0.08193941414356232,0.20668545167170796
2026-05-13T12:40:32.725155,750,0.10651703923940659,0.11544032394886017,0.15707433922110595
2026-05-13T12:40:32.745148,751,0.1285702884197235,0.0670074075460434,0.1449838326516872
2026-05-13T12:40:32.767189,752,0.30926698446273804,0.08000411093235016,0.31944753159908945
2026-05-13T12:40:32.786102,753,-0.03453122079372406,0.0066579352132976055,0.035167219264670174
2026-05-13T12:40:32.808311,754,0.34954380989074707,0.20211368799209595,0.40377074919650263
2026-05-13T12:40:32.827103,755,-0.056367482990026474,0.05550893023610115,0.07911089984690649
2026-05-13T12:40:32.848072,756,0.2730728089809418,0.1902714967727661,0.33282428019735977
2026-05-13T12:40:32.869100,757,-0.015067718923091888,0.009186670184135437,0.017647409515772688
2026-05-13T12:40:32.889013,758,0.1725763976573944,-0.04529973864555359,0.17842275457395726
2026-05-13T12:40:32.910048,759,0.04579615592956543,0.2725987434387207,0.27641881777891775
2026-05-13T12:40:32.929971,760,0.2840080261230469,-0.002426721155643463,0.2840183935555522
2026-05-13T12:40:32.949953,761,0.20695388317108154,0.13102971017360687,0.24494630984721752
2026-05-13T12:40:32.971992,762,0.0231403149664402,0.06317390501499176,0.06727864781332378
2026-05-13T12:40:32.990917,763,0.10144508630037308,0.11279906332492828,0.1517060783932909
2026-05-13T12:40:33.012962,764,0.16601556539535522,0.2256515622138977,0.2801424556955122
2026-05-13T12:40:33.031882,765,0.06140622869133949,-0.056052856147289276,0.08314233340700627
2026-05-13T12:40:33.053938,766,0.28212445974349976,0.07061907649040222,0.2908285831033788
2026-05-13T12:40:33.072840,767,-0.03823556751012802,0.19873541593551636,0.20238014766741388
2026-05-13T12:40:33.093819,768,0.18055829405784607,0.13111001253128052,0.2231392680346338
2026-05-13T12:40:33.114889,769,0.014448128640651703,0.07167629152536392,0.07311798129082733
2026-05-13T12:40:33.134777,770,0.18566252291202545,0.08895942568778992,0.2058746022042539
2026-05-13T12:40:33.155852,771,0.011855293065309525,0.11345479637384415,0.11407251550612363
2026-05-13T12:40:33.175789,772,0.22406801581382751,-0.024757690727710724,0.22543162812905077
2026-05-13T12:40:33.196361,773,0.06385276466608047,0.22394980490207672,0.23287483906850065
2026-05-13T12:40:33.216787,774,-5.587935447692871e-06,0.2509477734565735,0.25094777351878766
2026-05-13T12:40:33.236715,775,0.27403420209884644,-0.05980083346366882,0.2804833036080773
2026-05-13T12:40:33.257758,776,0.003346055746078491,0.12378774583339691,0.12383296050555175
2026-05-13T12:40:33.277657,777,0.1303156167268753,0.11736643314361572,0.1753768502162149
2026-05-13T12:40:33.297653,778,0.3240746855735779,0.08092708885669708,0.33402633959080696
2026-05-13T12:40:33.318624,779,-0.04779719561338425,0.2576185166835785,0.2620150225593016
2026-05-13T12:40:33.338613,780,0.23074641823768616,0.08899912238121033,0.24731508913559405
2026-05-13T12:40:33.360662,781,-0.0035758353769779205,-0.021632365882396698,0.02192591736537214
2026-05-13T12:40:33.379573,782,-0.12748771905899048,0.1446852833032608,0.19283918096540684
2026-05-13T12:40:33.401617,783,0.3206932246685028,0.14063513278961182,0.3501747919582941
2026-05-13T12:40:33.420541,784,-0.1658637970685959,0.06601162999868393,0.178517042528425
2026-05-13T12:40:33.441513,785,0.3200286328792572,-0.07568370550870895,0.32885612225119876
2026-05-13T12:40:33.462562,786,0.05125993862748146,0.2896385192871094,0.29413951309356995
2026-05-13T12:40:33.482477,787,-0.08641918003559113,-0.03195638582110405,0.09213840281213459
2026-05-13T12:40:33.503528,788,0.26435932517051697,0.13807640969753265,0.29824645466387695
2026-05-13T12:40:33.523439,789,-0.07264399528503418,0.057645536959171295,0.09273703673443126
2026-05-13T12:40:33.543430,790,0.12166015058755875,0.009242696687579155,0.12201073593354832
2026-05-13T12:40:33.565470,791,0.03601793944835663,0.2749890089035034,0.2773377849840093
2026-05-13T12:40:33.584380,792,0.1595458835363388,-0.13493561744689941,0.20895576041154493
2026-05-13T12:40:33.606439,793,-0.08583233505487442,0.23549051582813263,0.25064511322978594
2026-05-13T12:40:33.625346,794,0.16446417570114136,0.0023766979575157166,0.16448134782472193
2026-05-13T12:40:33.647386,795,0.08972231298685074,0.08526794612407684,0.12377688024800462
2026-05-13T12:40:33.666356,796,-0.012151099741458893,0.03346346318721771,0.03560130044547751
2026-05-13T12:40:33.687327,797,0.17866194248199463,0.013957392424345016,0.1792063014927955
2026-05-13T12:40:33.709404,798,-0.08230632543563843,0.14021924138069153,0.16259079574223706
2026-05-13T12:40:33.728321,799,0.14506754279136658,-0.017572443932294846,0.1461279670606507
2026-05-13T12:40:33.749310,800,0.05828819423913956,0.13954366743564606,0.15122813464778917
2026-05-13T12:40:33.769213,801,-0.06248704344034195,0.030525289475917816,0.06954440233048063
2026-05-13T12:40:33.789189,802,0.0660240650177002,0.1311594694852829,0.1468399931800678
2026-05-13T12:40:33.811313,803,0.05363068729639053,-0.040658727288246155,0.06730068888639401
2026-05-13T12:40:33.830186,804,0.1292169988155365,0.1829717755317688,0.22399933799933952
2026-05-13T12:40:33.852224,805,0.13629208505153656,-0.10116365551948547,0.1697339613800385
2026-05-13T12:40:33.871118,806,-0.15127316117286682,0.11634519696235657,0.1908396555945375
2026-05-13T12:40:33.892115,807,0.17807893455028534,0.1489054411649704,0.232131293321472
2026-05-13T12:40:33.912089,808,0.18997755646705627,0.11854448914527893,0.22392915814584913
2026-05-13T12:40:33.933085,809,-0.046612292528152466,-0.03701505810022354,0.05952159558423298
2026-05-13T12:40:33.954116,810,0.11804110556840897,-0.03417711704969406,0.12288929137089512
2026-05-13T12:40:33.974038,811,-0.045324526727199554,0.1853698194026947,0.1908305076984083
2026-05-13T12:40:33.995087,812,0.20655785501003265,-0.0077950432896614075,0.20670488665300918
2026-05-13T12:40:34.014993,813,-0.09286293387413025,-0.07683486491441727,0.12052850681115998
2026-05-13T12:40:34.034988,814,0.24690215289592743,0.19431079924106598,0.3141931886695601
2026-05-13T12:40:34.057028,815,-0.16682970523834229,0.1435346007347107,0.2200780137996183
2026-05-13T12:40:34.075944,816,0.14695073664188385,0.030935145914554596,0.15017157604669096
2026-05-13T12:40:34.097986,817,-0.007029596716165543,0.036027196794748306,0.03670659530492372
2026-05-13T12:40:34.116914,818,0.02940918505191803,0.07233691960573196,0.07808668326586864
2026-05-13T12:40:34.137880,819,0.11406487971544266,-0.03609323874115944,0.11963911846601318
2026-05-13T12:40:34.158938,820,-0.07445227354764938,0.13262489438056946,0.1520937330920351
2026-05-13T12:40:34.178894,821,0.26987817883491516,0.14219799637794495,0.30504835942052283
2026-05-13T12:40:34.199895,822,-0.1772778332233429,-0.036437761038541794,0.1809838130382528
2026-05-13T12:40:34.219810,823,0.14641687273979187,0.15231429040431976,0.21127598936999883
2026-05-13T12:40:34.239807,824,-0.12118952721357346,-0.2020079642534256,0.23557189800157136
2026-05-13T12:40:34.260766,825,0.16635698080062866,0.13738080859184265,0.21575016020955637
2026-05-13T12:40:34.280754,826,0.003950107842683792,-0.04350993037223816,0.04368887035579937
2026-05-13T12:40:34.302813,827,-0.029038086533546448,0.10747972130775452,0.11133328775313478
2026-05-13T12:40:34.321717,828,-0.02120257169008255,0.1011180430650711,0.10331702511969006
2026-05-13T12:40:34.343769,829,0.166878804564476,-0.0517217218875885,0.17471025135316368
2026-05-13T12:40:34.362675,830,-0.11935877799987793,0.11769911646842957,0.16762935274907284
2026-05-13T12:40:34.383672,831,0.23645392060279846,-0.13828501105308533,0.2739218882279882
2026-05-13T12:40:34.404710,832,-0.09069308638572693,0.22037868201732635,0.23831072029151934
2026-05-13T12:40:34.424633,833,0.11465725302696228,-0.06851249188184738,0.1335673882935092
2026-05-13T12:40:34.445679,834,-0.07530342787504196,0.0024333447217941284,0.0753427330023721
2026-05-13T12:40:34.465585,835,0.14942210912704468,-0.06767035275697708,0.16403122671683024
2026-05-13T12:40:34.485564,836,-0.04306328296661377,0.1697351038455963,0.1751126831995273
2026-05-13T12:40:34.506558,837,0.17558404803276062,-0.2442380040884018,0.30080219507951894
2026-05-13T12:40:34.526528,838,-0.2752948999404907,0.25010615587234497,0.3719413544343873
2026-05-13T12:40:34.548594,839,0.09901551902294159,-0.049724869430065155,0.11079998035748714
2026-05-13T12:40:34.567512,840,0.07278218865394592,0.13817009329795837,0.1561672874427455
2026-05-13T12:40:34.589550,841,0.025160744786262512,-0.20800840854644775,0.20952460739546883
2026-05-13T12:40:34.608465,842,-0.08108432590961456,0.05240006744861603,0.09654239989163363
